areaType,areaName,areaCode,date,newPeopleVaccinatedFirstDoseByVaccinationDate,cumPeopleVaccinatedFirstDoseByVaccinationDate,newPeopleVaccinatedSecondDoseByVaccinationDate,cumPeopleVaccinatedSecondDoseByVaccinationDate
region,London,E12000007,2021-11-03,4674,6054437,3187,5457900
region,London,E12000007,2021-11-02,5642,6049763,3184,5454713
region,London,E12000007,2021-11-01,6313,6044121,3303,5451529
region,London,E12000007,2021-10-31,2505,6037808,1622,5448226
region,London,E12000007,2021-10-30,4970,6035303,4922,5446604
region,London,E12000007,2021-10-29,5556,6030333,3749,5441682
region,London,E12000007,2021-10-28,5839,6024777,3747,5437933
region,London,E12000007,2021-10-27,6092,6018938,3959,5434186
region,London,E12000007,2021-10-26,5440,6012846,3840,5430227
region,London,E12000007,2021-10-25,4706,6007406,3974,5426387
region,London,E12000007,2021-10-24,2605,6002700,2140,5422413
region,London,E12000007,2021-10-23,4929,6000095,5744,5420273
region,London,E12000007,2021-10-22,6866,5995166,4252,5414529
region,London,E12000007,2021-10-21,5818,5988300,3791,5410277
region,London,E12000007,2021-10-20,8309,5982482,4118,5406486
region,London,E12000007,2021-10-19,6900,5974173,4073,5402368
region,London,E12000007,2021-10-18,7120,5967273,4038,5398295
region,London,E12000007,2021-10-17,1436,5960153,2256,5394257
region,London,E12000007,2021-10-16,3824,5958717,6420,5392001
region,London,E12000007,2021-10-15,7524,5954893,4760,5385581
region,London,E12000007,2021-10-14,7733,5947369,4217,5380821
region,London,E12000007,2021-10-13,8632,5939636,4404,5376604
region,London,E12000007,2021-10-12,5747,5931004,3819,5372200
region,London,E12000007,2021-10-11,5090,5925257,4053,5368381
region,London,E12000007,2021-10-10,1415,5920167,2434,5364328
region,London,E12000007,2021-10-09,3466,5918752,5771,5361894
region,London,E12000007,2021-10-08,5272,5915286,4776,5356123
region,London,E12000007,2021-10-07,4535,5910014,3936,5351347
region,London,E12000007,2021-10-06,4578,5905479,4174,5347411
region,London,E12000007,2021-10-05,4953,5900901,4451,5343237
region,London,E12000007,2021-10-04,4662,5895948,4652,5338786
region,London,E12000007,2021-10-03,1704,5891286,2768,5334134
region,London,E12000007,2021-10-02,3734,5889582,6715,5331366
region,London,E12000007,2021-10-01,4397,5885848,5335,5324651
region,London,E12000007,2021-09-30,3963,5881451,5198,5319316
region,London,E12000007,2021-09-29,4145,5877488,5337,5314118
region,London,E12000007,2021-09-28,3796,5873343,5254,5308781
region,London,E12000007,2021-09-27,3359,5869547,5977,5303527
region,London,E12000007,2021-09-26,1498,5866188,3245,5297550
region,London,E12000007,2021-09-25,3744,5864690,8826,5294305
region,London,E12000007,2021-09-24,3734,5860946,6755,5285479
region,London,E12000007,2021-09-23,4235,5857212,7294,5278724
region,London,E12000007,2021-09-22,3614,5852977,7232,5271430
region,London,E12000007,2021-09-21,3534,5849363,7060,5264198
region,London,E12000007,2021-09-20,3487,5845829,8491,5257138
region,London,E12000007,2021-09-19,1848,5842342,4592,5248647
region,London,E12000007,2021-09-18,4250,5840494,11213,5244055
region,London,E12000007,2021-09-17,3489,5836244,9833,5232842
region,London,E12000007,2021-09-16,3205,5832755,9353,5223009
region,London,E12000007,2021-09-15,3276,5829550,9248,5213656
region,London,E12000007,2021-09-14,3118,5826274,9331,5204408
region,London,E12000007,2021-09-13,3168,5823156,10384,5195077
region,London,E12000007,2021-09-12,1811,5819988,5935,5184693
region,London,E12000007,2021-09-11,4225,5818177,14095,5178758
region,London,E12000007,2021-09-10,3514,5813952,12213,5164663
region,London,E12000007,2021-09-09,3495,5810438,12894,5152450
region,London,E12000007,2021-09-08,3274,5806943,12019,5139556
region,London,E12000007,2021-09-07,3273,5803669,12739,5127537
region,London,E12000007,2021-09-06,3492,5800396,14381,5114798
region,London,E12000007,2021-09-05,2372,5796904,9621,5100417
region,London,E12000007,2021-09-04,5388,5794532,19147,5090796
region,London,E12000007,2021-09-03,4788,5789144,16395,5071649
region,London,E12000007,2021-09-02,5176,5784356,16932,5055254
region,London,E12000007,2021-09-01,5391,5779180,16578,5038322
region,London,E12000007,2021-08-31,5803,5773789,19077,5021744
region,London,E12000007,2021-08-30,2651,5767986,10468,5002667
region,London,E12000007,2021-08-29,3178,5765335,11546,4992199
region,London,E12000007,2021-08-28,5736,5762157,20401,4980653
region,London,E12000007,2021-08-27,6032,5756421,20489,4960252
region,London,E12000007,2021-08-26,7063,5750389,22770,4939763
region,London,E12000007,2021-08-25,6494,5743326,22013,4916993
region,London,E12000007,2021-08-24,6833,5736832,21660,4894980
region,London,E12000007,2021-08-23,6691,5729999,23619,4873320
region,London,E12000007,2021-08-22,5381,5723308,17450,4849701
region,London,E12000007,2021-08-21,8689,5717927,28251,4832251
region,London,E12000007,2021-08-20,8230,5709238,25942,4804000
region,London,E12000007,2021-08-19,6702,5701008,26947,4778058
region,London,E12000007,2021-08-18,5381,5694306,24845,4751111
region,London,E12000007,2021-08-17,5844,5688925,24525,4726266
region,London,E12000007,2021-08-16,5884,5683081,26346,4701741
region,London,E12000007,2021-08-15,3853,5677197,19926,4675395
region,London,E12000007,2021-08-14,6507,5673344,32009,4655469
region,London,E12000007,2021-08-13,5604,5666837,26890,4623460
region,London,E12000007,2021-08-12,5433,5661233,29624,4596570
region,London,E12000007,2021-08-11,5208,5655800,24880,4566946
region,London,E12000007,2021-08-10,5564,5650592,25075,4542066
region,London,E12000007,2021-08-09,4825,5645028,25302,4516991
region,London,E12000007,2021-08-08,3631,5640203,19769,4491689
region,London,E12000007,2021-08-07,6552,5636572,33086,4471920
region,London,E12000007,2021-08-06,5167,5630020,26090,4438834
region,London,E12000007,2021-08-05,5363,5624853,28066,4412744
region,London,E12000007,2021-08-04,4671,5619490,21885,4384678
region,London,E12000007,2021-08-03,5164,5614819,22999,4362793
region,London,E12000007,2021-08-02,4555,5609655,22739,4339794
region,London,E12000007,2021-08-01,3838,5605100,21225,4317055
region,London,E12000007,2021-07-31,6415,5601262,33231,4295830
region,London,E12000007,2021-07-30,5255,5594847,26802,4262599
region,London,E12000007,2021-07-29,5801,5589592,28693,4235797
region,London,E12000007,2021-07-28,5693,5583791,25186,4207104
region,London,E12000007,2021-07-27,5887,5578098,25123,4181918
region,London,E12000007,2021-07-26,5264,5572211,25205,4156795
region,London,E12000007,2021-07-25,4003,5566947,21246,4131590
region,London,E12000007,2021-07-24,7310,5562944,36601,4110344
region,London,E12000007,2021-07-23,6582,5555634,31245,4073743
region,London,E12000007,2021-07-22,6706,5549052,32324,4042498
region,London,E12000007,2021-07-21,6923,5542346,28976,4010174
region,London,E12000007,2021-07-20,6243,5535423,23154,3981198
region,London,E12000007,2021-07-19,6118,5529180,22296,3958044
region,London,E12000007,2021-07-18,5206,5523062,23911,3935748
region,London,E12000007,2021-07-17,10628,5517856,35966,3911837
region,London,E12000007,2021-07-16,8959,5507228,29950,3875871
region,London,E12000007,2021-07-15,9955,5498269,29655,3845921
region,London,E12000007,2021-07-14,9267,5488314,29324,3816266
region,London,E12000007,2021-07-13,9227,5479047,21576,3786942
region,London,E12000007,2021-07-12,8595,5469820,18577,3765366
region,London,E12000007,2021-07-11,6698,5461225,14818,3746789
region,London,E12000007,2021-07-10,15438,5454527,30874,3731971
region,London,E12000007,2021-07-09,15264,5439089,27047,3701097
region,London,E12000007,2021-07-08,16081,5423825,24933,3674050
region,London,E12000007,2021-07-07,13026,5407744,26741,3649117
region,London,E12000007,2021-07-06,11143,5394718,20352,3622376
region,London,E12000007,2021-07-05,13223,5383575,21305,3602024
region,London,E12000007,2021-07-04,13194,5370352,16603,3580719
region,London,E12000007,2021-07-03,21533,5357158,29134,3564116
region,London,E12000007,2021-07-02,18623,5335625,26502,3534982
region,London,E12000007,2021-07-01,20271,5317002,28305,3508480
region,London,E12000007,2021-06-30,21131,5296731,31050,3480175
region,London,E12000007,2021-06-29,20716,5275600,22887,3449125
region,London,E12000007,2021-06-28,21019,5254884,21598,3426238
region,London,E12000007,2021-06-27,24643,5233865,21678,3404640
region,London,E12000007,2021-06-26,39445,5209222,32248,3382962
region,London,E12000007,2021-06-25,33568,5169777,30313,3350714
region,London,E12000007,2021-06-24,36341,5136209,27038,3320401
region,London,E12000007,2021-06-23,30787,5099868,25448,3293363
region,London,E12000007,2021-06-22,29470,5069081,23630,3267915
region,London,E12000007,2021-06-21,22466,5039611,19776,3244285
region,London,E12000007,2021-06-20,33444,5017145,16130,3224509
region,London,E12000007,2021-06-19,53303,4983701,32227,3208379
region,London,E12000007,2021-06-18,39348,4930398,31778,3176152
region,London,E12000007,2021-06-17,38155,4891050,30862,3144374
region,London,E12000007,2021-06-16,32696,4852895,30311,3113512
region,London,E12000007,2021-06-15,29576,4820199,27774,3083201
region,London,E12000007,2021-06-14,21946,4790623,28395,3055427
region,London,E12000007,2021-06-13,29233,4768677,19592,3027032
region,London,E12000007,2021-06-12,46447,4739444,33663,3007440
region,London,E12000007,2021-06-11,37731,4692997,36140,2973777
region,London,E12000007,2021-06-10,36370,4655266,35918,2937637
region,London,E12000007,2021-06-09,29595,4618896,36073,2901719
region,London,E12000007,2021-06-08,22055,4589301,33614,2865646
region,London,E12000007,2021-06-07,18961,4567246,33855,2832032
region,London,E12000007,2021-06-06,28991,4548285,24338,2798177
region,London,E12000007,2021-06-05,39132,4519294,43782,2773839
region,London,E12000007,2021-06-04,33711,4480162,38818,2730057
region,London,E12000007,2021-06-03,34418,4446451,38681,2691239
region,London,E12000007,2021-06-02,28794,4412033,35710,2652558
region,London,E12000007,2021-06-01,21323,4383239,33831,2616848
region,London,E12000007,2021-05-31,24850,4361916,22624,2583017
region,London,E12000007,2021-05-30,24327,4337066,17446,2560393
region,London,E12000007,2021-05-29,36814,4312739,37452,2542947
region,London,E12000007,2021-05-28,38384,4275925,44143,2505495
region,London,E12000007,2021-05-27,46755,4237541,45160,2461352
region,London,E12000007,2021-05-26,36863,4190786,40791,2416192
region,London,E12000007,2021-05-25,29608,4153923,38376,2375401
region,London,E12000007,2021-05-24,19410,4124315,34721,2337025
region,London,E12000007,2021-05-23,22545,4104905,27210,2302304
region,London,E12000007,2021-05-22,36273,4082360,49972,2275094
region,London,E12000007,2021-05-21,35243,4046087,47483,2225122
region,London,E12000007,2021-05-20,38475,4010844,43561,2177639
region,London,E12000007,2021-05-19,36556,3972369,38238,2134078
region,London,E12000007,2021-05-18,24143,3935813,33420,2095840
region,London,E12000007,2021-05-17,17997,3911670,28039,2062420
region,London,E12000007,2021-05-16,20144,3893673,21746,2034381
region,London,E12000007,2021-05-15,35297,3873529,37354,2012635
region,London,E12000007,2021-05-14,35857,3838232,43494,1975281
region,London,E12000007,2021-05-13,31413,3802375,39147,1931787
region,London,E12000007,2021-05-12,24878,3770962,41588,1892640
region,London,E12000007,2021-05-11,20018,3746084,41735,1851052
region,London,E12000007,2021-05-10,13773,3726066,24903,1809317
region,London,E12000007,2021-05-09,10876,3712293,24593,1784414
region,London,E12000007,2021-05-08,20960,3701417,48072,1759821
region,London,E12000007,2021-05-07,21220,3680457,52456,1711749
region,London,E12000007,2021-05-06,22051,3659237,51672,1659293
region,London,E12000007,2021-05-05,21457,3637186,38873,1607621
region,London,E12000007,2021-05-04,18486,3615729,26730,1568748
region,London,E12000007,2021-05-03,9108,3597243,8324,1542018
region,London,E12000007,2021-05-02,10535,3588135,12915,1533694
region,London,E12000007,2021-05-01,19631,3577600,31216,1520779
region,London,E12000007,2021-04-30,18826,3557969,38923,1489563
region,London,E12000007,2021-04-29,20556,3539143,42500,1450640
region,London,E12000007,2021-04-28,20482,3518587,40804,1408140
region,London,E12000007,2021-04-27,14557,3498105,37470,1367336
region,London,E12000007,2021-04-26,10397,3483548,24968,1329866
region,London,E12000007,2021-04-25,7047,3473151,22688,1304898
region,London,E12000007,2021-04-24,17564,3466104,39889,1282210
region,London,E12000007,2021-04-23,16590,3448540,46524,1242321
region,London,E12000007,2021-04-22,17928,3431950,42784,1195797
region,London,E12000007,2021-04-21,19596,3414022,44724,1153013
region,London,E12000007,2021-04-20,15969,3394426,33400,1108289
region,London,E12000007,2021-04-19,14908,3378457,28487,1074889
region,London,E12000007,2021-04-18,11517,3363549,25651,1046402
region,London,E12000007,2021-04-17,18833,3352032,48493,1020751
region,London,E12000007,2021-04-16,19097,3333199,52525,972258
region,London,E12000007,2021-04-15,16596,3314102,48386,919733
region,London,E12000007,2021-04-14,21818,3297506,43644,871347
region,London,E12000007,2021-04-13,5456,3275688,30811,827703
region,London,E12000007,2021-04-12,4071,3270232,20431,796892
region,London,E12000007,2021-04-11,6567,3266161,17539,776461
region,London,E12000007,2021-04-10,12008,3259594,45825,758922
region,London,E12000007,2021-04-09,9704,3247586,47654,713097
region,London,E12000007,2021-04-08,8928,3237882,48766,665443
region,London,E12000007,2021-04-07,8376,3228954,49560,616677
region,London,E12000007,2021-04-06,9258,3220578,20939,567117
region,London,E12000007,2021-04-05,4080,3211320,2770,546178
region,London,E12000007,2021-04-04,3239,3207240,2357,543408
region,London,E12000007,2021-04-03,10651,3204001,15007,541051
region,London,E12000007,2021-04-02,8570,3193350,22603,526044
region,London,E12000007,2021-04-01,15438,3184780,57817,503441
region,London,E12000007,2021-03-31,28842,3169342,47574,445624
region,London,E12000007,2021-03-30,21327,3140500,33059,398050
region,London,E12000007,2021-03-29,23486,3119173,18939,364991
region,London,E12000007,2021-03-28,24774,3095687,7497,346052
region,London,E12000007,2021-03-27,45485,3070913,15120,338555
region,London,E12000007,2021-03-26,47925,3025428,25015,323435
region,London,E12000007,2021-03-25,38625,2977503,28497,298420
region,London,E12000007,2021-03-24,37712,2938878,29644,269923
region,London,E12000007,2021-03-23,33580,2901166,17626,240279
region,London,E12000007,2021-03-22,33487,2867586,7745,222653
region,London,E12000007,2021-03-21,33298,2834099,2666,214908
region,London,E12000007,2021-03-20,66201,2800801,6806,212242
region,London,E12000007,2021-03-19,65354,2734600,12830,205436
region,London,E12000007,2021-03-18,48330,2669246,15288,192606
region,London,E12000007,2021-03-17,48716,2620916,11901,177318
region,London,E12000007,2021-03-16,43612,2572200,9178,165417
region,London,E12000007,2021-03-15,39290,2528588,4612,156239
region,London,E12000007,2021-03-14,22086,2489298,2300,151627
region,London,E12000007,2021-03-13,43025,2467212,4860,149327
region,London,E12000007,2021-03-12,37703,2424187,8171,144467
region,London,E12000007,2021-03-11,23176,2386484,6429,136296
region,London,E12000007,2021-03-10,32754,2363308,7751,129867
region,London,E12000007,2021-03-09,29341,2330554,7444,122116
region,London,E12000007,2021-03-08,21771,2301213,3982,114672
region,London,E12000007,2021-03-07,18934,2279442,940,110690
region,London,E12000007,2021-03-06,47485,2260508,3482,109750
region,London,E12000007,2021-03-05,43400,2213023,6577,106268
region,London,E12000007,2021-03-04,38121,2169623,5988,99691
region,London,E12000007,2021-03-03,32720,2131502,6088,93703
region,London,E12000007,2021-03-02,29910,2098782,3820,87615
region,London,E12000007,2021-03-01,21552,2068872,1965,83795
region,London,E12000007,2021-02-28,23228,2047320,961,81830
region,London,E12000007,2021-02-27,50422,2024092,2367,80869
region,London,E12000007,2021-02-26,56166,1973670,2874,78502
region,London,E12000007,2021-02-25,57877,1917504,3034,75628
region,London,E12000007,2021-02-24,54748,1859627,2680,72594
region,London,E12000007,2021-02-23,46255,1804879,1384,69914
region,London,E12000007,2021-02-22,23780,1758624,758,68530
region,London,E12000007,2021-02-21,14839,1734844,127,67772
region,London,E12000007,2021-02-20,41025,1720005,261,67645
region,London,E12000007,2021-02-19,46675,1678980,964,67384
region,London,E12000007,2021-02-18,50752,1632305,1176,66420
region,London,E12000007,2021-02-17,55901,1581553,889,65244
region,London,E12000007,2021-02-16,44939,1525652,533,64355
region,London,E12000007,2021-02-15,26199,1480713,176,63822
region,London,E12000007,2021-02-14,29386,1454514,48,63646
region,London,E12000007,2021-02-13,39221,1425128,126,63598
region,London,E12000007,2021-02-12,49967,1385907,307,63472
region,London,E12000007,2021-02-11,44169,1335940,564,63165
region,London,E12000007,2021-02-10,34452,1291771,480,62601
region,London,E12000007,2021-02-09,30346,1257319,258,62121
region,London,E12000007,2021-02-08,22752,1226973,117,61863
region,London,E12000007,2021-02-07,20139,1204221,125,61746
region,London,E12000007,2021-02-06,36469,1184082,75,61621
region,London,E12000007,2021-02-05,45176,1147613,156,61546
region,London,E12000007,2021-02-04,42757,1102437,325,61390
region,London,E12000007,2021-02-03,37942,1059680,272,61065
region,London,E12000007,2021-02-02,34926,1021738,205,60793
region,London,E12000007,2021-02-01,33624,986812,315,60588
region,London,E12000007,2021-01-31,40523,953188,566,60273
region,London,E12000007,2021-01-30,49003,912665,357,59707
region,London,E12000007,2021-01-29,56391,863662,465,59350
region,London,E12000007,2021-01-28,44662,807271,306,58885
region,London,E12000007,2021-01-27,36431,762609,138,58579
region,London,E12000007,2021-01-26,32450,726178,125,58441
region,London,E12000007,2021-01-25,25608,693728,59,58316
region,London,E12000007,2021-01-24,23139,668120,91,58257
region,London,E12000007,2021-01-23,44814,644981,121,58166
region,London,E12000007,2021-01-22,47557,600167,104,58045
region,London,E12000007,2021-01-21,38334,552610,812,57941
region,London,E12000007,2021-01-20,39642,514276,632,57129
region,London,E12000007,2021-01-19,34509,474634,359,56497
region,London,E12000007,2021-01-18,16017,440125,197,56138
region,London,E12000007,2021-01-17,16850,424108,102,55941
region,London,E12000007,2021-01-16,29961,407258,275,55839
region,London,E12000007,2021-01-15,40532,377297,744,55564
region,London,E12000007,2021-01-14,39352,336765,1318,54820
region,London,E12000007,2021-01-13,30821,297413,1952,53502
region,London,E12000007,2021-01-12,18352,266592,2555,51550
region,London,E12000007,2021-01-11,13442,248240,3318,48995
region,London,E12000007,2021-01-10,11437,234798,5128,45677
region,London,E12000007,2021-01-09,17903,223361,5939,40549
region,London,E12000007,2021-01-08,26509,205458,9386,34610
region,London,E12000007,2021-01-07,21512,178949,10733,25224
region,London,E12000007,2021-01-06,14678,157437,8906,14491
region,London,E12000007,2021-01-05,9989,142759,3731,5585
region,London,E12000007,2021-01-04,4488,132770,713,1854
region,London,E12000007,2021-01-03,837,128282,93,1141
region,London,E12000007,2021-01-02,3004,127445,133,1048
region,London,E12000007,2021-01-01,2952,124441,17,915
region,London,E12000007,2020-12-31,12377,121489,322,898
region,London,E12000007,2020-12-30,14880,109112,322,576
region,London,E12000007,2020-12-29,7055,94232,254,254
region,London,E12000007,2020-12-28,1089,87177,,
region,London,E12000007,2020-12-27,994,86088,,
region,London,E12000007,2020-12-26,812,85094,,
region,London,E12000007,2020-12-25,194,84282,,
region,London,E12000007,2020-12-24,2274,84088,,
region,London,E12000007,2020-12-23,6098,81814,,
region,London,E12000007,2020-12-22,6998,75716,,
region,London,E12000007,2020-12-21,7677,68718,,
region,London,E12000007,2020-12-20,9000,61041,,
region,London,E12000007,2020-12-19,7059,52041,,
region,London,E12000007,2020-12-18,10359,44982,,
region,London,E12000007,2020-12-17,11744,34623,,
region,London,E12000007,2020-12-16,11298,22879,,
region,London,E12000007,2020-12-15,4926,11581,,
region,London,E12000007,2020-12-14,1394,6655,,
region,London,E12000007,2020-12-13,43,5261,,
region,London,E12000007,2020-12-12,873,5218,,
region,London,E12000007,2020-12-11,1441,4345,,
region,London,E12000007,2020-12-10,1435,2904,,
region,London,E12000007,2020-12-09,897,1469,,
region,London,E12000007,2020-12-08,572,572,,
